002
003
004
005
006
007
076
080
083
1003
1011
1016
1019
1020
1021
1029
1031
1041
1048
1050
1057
1062
1065
1069
1071
1073
1077
1078
1084
1086
1087
1091
1094
1103
1109
1113
1114
1116
1123
1127
1131
1134
1135
1144
1149
1151
1155
1161
1173
1181
1185
1186
1197
1199
1200
1201
1204
1215
1216
1219
1220
1222
1223
1231
1236
1237
1239
1243
1244
1247
1250
1266
1267
1276
1277
1278
1286
1287
1301
1305
1315
1317
1338
1345
1348
1349
1355
1360
1361
1362
1363
1370
1374
1378
1380
1411
1444
1483
1512
1513
1515
1516
1523
1542
1543
1544
1545
1546
154
241
274
355
428
438
443
445
447
448
455
463
465
467
471
476
480
485
496
